# Cov^{kg}_ll from MC simulations
1.135335373413653421e-12 1.092296868055945242e-13 2.788669604710137955e-14 1.802661537476670019e-14 -6.420569156356676157e-15 2.011041868039824158e-14 -8.795965737543793222e-15 1.322851665316991256e-14 2.982204609953355228e-15 1.315881366281771320e-14 -1.165929006879101955e-14 -5.079966000206899598e-15 -2.297570885863604665e-14 -1.860579914088735618e-14 -8.493299307207671722e-16 -1.128429831794574731e-14 2.727673431930791280e-15 4.605160988912525947e-15 8.476067968271607792e-16 -1.898465799645385477e-14 -8.990457523076170406e-15 -1.321139299594542825e-14 -1.105359173466691482e-14 5.439669138494447972e-16
1.092296868055945242e-13 5.668349299082719885e-13 -9.574928875483450498e-14 2.798133589040164573e-14 -1.684392282397116175e-14 -1.621932461153488292e-14 -1.316615073350677016e-14 1.477365549007935582e-14 1.508710548130573318e-15 -4.177711251723917033e-15 -1.176849529647700310e-15 -2.414802681250761471e-15 -1.142505580954582495e-16 -4.973023339309423953e-15 -1.235080355288261253e-14 3.534993406767040595e-15 -1.354629128002524162e-15 -1.363844198405493639e-14 3.055215263950782691e-15 9.957877769664132622e-15 -7.581631085612495174e-15 7.277120527684957620e-15 1.027880813668085967e-15 4.946038571693026120e-15
2.788669604710137955e-14 -9.574928875483450498e-14 3.575183281456865527e-13 -1.473385864223833623e-14 1.515219886393901500e-14 -1.052532169955648988e-14 -6.560309319436194430e-15 3.090906841472875634e-15 3.892703360992613928e-15 6.807280050603661252e-15 2.021042904564234883e-15 -1.337716022050562728e-14 -5.772576853244815440e-15 -1.404697203735363670e-14 -4.768783923872848953e-15 -2.191381137347142339e-15 1.641286539607206753e-15 1.709313941418780776e-14 5.323799553193480455e-15 1.738887332093493100e-15 -2.726325918100844403e-15 8.255542329874697740e-15 -2.807060731305963338e-15 5.739537708593518391e-15
1.802661537476670019e-14 2.798133589040164573e-14 -1.473385864223833623e-14 1.645675646876199192e-13 1.609798474058262630e-14 2.917940902290740520e-15 2.892363305325659258e-15 -7.178577536880788401e-15 1.222551395611553552e-14 -3.028116301395657706e-15 1.008612326848804089e-14 1.587253509112908621e-15 -1.266630534037597916e-15 -4.032139291927326239e-15 -3.070003858511957362e-15 -2.680227138931466497e-15 1.562734747386362602e-15 3.601355281871009420e-16 -1.245232793930050118e-16 -2.507098811908810944e-15 1.967327176597590926e-15 7.853746527231634553e-16 3.183879815217005786e-15 -2.932102737052836915e-15
-6.420569156356676157e-15 -1.684392282397116175e-14 1.515219886393901500e-14 1.609798474058262630e-14 9.800113236725478473e-14 -2.449026818463060780e-15 6.015886367828267588e-16 -4.609927203162478741e-15 -1.976292326517217745e-16 -2.562652943290976041e-15 2.094993539107534346e-15 -2.771031161109960991e-15 5.493075784369622514e-15 -2.990322595080571069e-15 1.047769365892760966e-15 -1.880345300349489376e-15 -2.297438517260621722e-15 2.371648256253591201e-15 -4.339663819967301813e-15 4.262633660460793906e-15 4.464051676709336080e-16 2.632391921080618561e-15 -1.150360429530213355e-15 -2.567802300226953423e-16
2.011041868039824158e-14 -1.621932461153488292e-14 -1.052532169955648988e-14 2.917940902290740520e-15 -2.449026818463060780e-15 5.991251522959043328e-14 1.843135545058984532e-15 5.937514562979955679e-15 2.168850111074713046e-15 2.143617151185032800e-15 2.128477268966538892e-15 -4.352016201642397319e-15 2.289863555772443378e-15 4.681110694748880652e-16 9.545993237159027635e-16 2.467588834399918777e-15 -4.649177243768248175e-15 1.241932175799732050e-16 5.193816474842531234e-16 8.134602425424773638e-16 1.867668180975252336e-15 -5.555384654642904666e-15 6.021015089128542068e-16 9.373441865006725807e-16
-8.795965737543793222e-15 -1.316615073350677016e-14 -6.560309319436194430e-15 2.892363305325659258e-15 6.015886367828267588e-16 1.843135545058984532e-15 3.928001305981910956e-14 4.369316690598719763e-15 9.772098273053126674e-16 -9.246014452580414237e-15 4.623885498311649425e-15 -2.676638921626488936e-16 3.563933838246924971e-16 5.558552840088741182e-15 9.425104368988610955e-16 1.118922744560556696e-15 -1.642201928604992367e-15 4.388220999086972347e-15 -2.024123009829752470e-15 -2.105910065521571485e-15 -2.086970151898854110e-15 -4.930466875155781290e-16 -1.641870114655957419e-15 1.174258004973742606e-15
1.322851665316991256e-14 1.477365549007935582e-14 3.090906841472875634e-15 -7.178577536880788401e-15 -4.609927203162478741e-15 5.937514562979955679e-15 4.369316690598719763e-15 2.897163241792066495e-14 9.289904942341788072e-17 -1.423312940550392900e-15 -1.361935367172602653e-15 -9.283113228330161027e-16 3.555242758244804166e-16 7.702979102614352046e-16 3.153839262470900225e-15 1.897508839690307955e-15 -2.425602601990608587e-16 -1.324329675782786503e-15 2.238513864331437875e-15 2.478553706842582574e-17 -1.036995156961000504e-15 1.739132627040459573e-15 -1.484742889367954205e-15 1.000610290466303545e-16
2.982204609953355228e-15 1.508710548130573318e-15 3.892703360992613928e-15 1.222551395611553552e-14 -1.976292326517217745e-16 2.168850111074713046e-15 9.772098273053126674e-16 9.289904942341788072e-17 2.642066917932769368e-14 -3.443693707126142130e-15 -1.334628995792502227e-15 -2.748326647650159716e-15 -4.827606228306904576e-16 -1.285610062862961004e-15 -1.302085966562385920e-15 -7.078949382474654782e-17 -5.471576288513500225e-16 -3.888760214520397485e-16 2.710990897625008752e-16 1.909506829601885882e-15 1.428378241681208204e-15 -1.115529275099315356e-15 2.334916859962885532e-15 -3.215588038144072993e-16
1.315881366281771320e-14 -4.177711251723917033e-15 6.807280050603661252e-15 -3.028116301395657706e-15 -2.562652943290976041e-15 2.143617151185032800e-15 -9.246014452580414237e-15 -1.423312940550392900e-15 -3.443693707126142130e-15 2.272619067209906508e-14 -1.057837786660589334e-15 9.339622319718900530e-16 -1.848069964049513800e-15 -3.359711531736969594e-15 6.134285721624899551e-16 1.607081141446739214e-15 8.659052541252403459e-17 -1.445323358548751103e-15 2.038477618750962981e-15 5.726804946746478079e-16 1.661859778056078889e-15 1.548654707401237938e-15 -5.150098884732833530e-16 -2.585469497168302799e-16
-1.165929006879101955e-14 -1.176849529647700310e-15 2.021042904564234883e-15 1.008612326848804089e-14 2.094993539107534346e-15 2.128477268966538892e-15 4.623885498311649425e-15 -1.361935367172602653e-15 -1.334628995792502227e-15 -1.057837786660589334e-15 1.771862210884606648e-14 2.209047501618652183e-15 4.284299368689819069e-17 1.918185929997833846e-15 1.420238192600064156e-15 1.516009631800080818e-15 1.482778469983355317e-15 5.373912398850338918e-16 9.434758600167986503e-16 4.023001056688018273e-16 4.238726460028711182e-16 5.076747797123297925e-16 -4.348667307011262617e-16 2.920887048518466620e-16
-5.079966000206899598e-15 -2.414802681250761471e-15 -1.337716022050562728e-14 1.587253509112908621e-15 -2.771031161109960991e-15 -4.352016201642397319e-15 -2.676638921626488936e-16 -9.283113228330161027e-16 -2.748326647650159716e-15 9.339622319718900530e-16 2.209047501618652183e-15 1.971462597291958424e-14 -3.486532234549351245e-16 3.781711180023566684e-15 1.195498749113921680e-15 -2.216261581669089906e-16 7.715851175714545005e-16 1.143434257613690187e-15 1.084478711589133136e-15 -3.064764025389909385e-16 -1.197065329321892993e-15 1.866283147310635371e-15 1.239045336382175360e-15 -2.564544559195132736e-15
-2.297570885863604665e-14 -1.142505580954582495e-16 -5.772576853244815440e-15 -1.266630534037597916e-15 5.493075784369622514e-15 2.289863555772443378e-15 3.563933838246924971e-16 3.555242758244804166e-16 -4.827606228306904576e-16 -1.848069964049513800e-15 4.284299368689819069e-17 -3.486532234549351245e-16 1.887724141599520443e-14 -1.897547713445165245e-17 8.082004238006906446e-16 -5.486870146938948445e-16 8.290076554023431843e-16 -1.232994415349211110e-15 9.298536189884093969e-16 1.762006086130442730e-15 5.945770091199911830e-16 -7.978514028667893399e-16 1.790213515520505525e-15 -3.891230106023475638e-16
-1.860579914088735618e-14 -4.973023339309423953e-15 -1.404697203735363670e-14 -4.032139291927326239e-15 -2.990322595080571069e-15 4.681110694748880652e-16 5.558552840088741182e-15 7.702979102614352046e-16 -1.285610062862961004e-15 -3.359711531736969594e-15 1.918185929997833846e-15 3.781711180023566684e-15 -1.897547713445165245e-17 1.373039527086495609e-14 1.850318279657328657e-15 -4.438351475628824851e-16 4.385473078954175280e-17 1.709309642884189881e-15 -1.720550532422424824e-15 1.946107526014304765e-15 -4.787178689999692204e-16 -9.611840194723169748e-16 -3.252869353047737148e-16 -1.248705693739542187e-15
-8.493299307207671722e-16 -1.235080355288261253e-14 -4.768783923872848953e-15 -3.070003858511957362e-15 1.047769365892760966e-15 9.545993237159027635e-16 9.425104368988610955e-16 3.153839262470900225e-15 -1.302085966562385920e-15 6.134285721624899551e-16 1.420238192600064156e-15 1.195498749113921680e-15 8.082004238006906446e-16 1.850318279657328657e-15 1.133653140297449646e-14 -4.766560311404190984e-16 -4.185875890377869147e-16 -9.379477131297238015e-16 2.395615514098781522e-16 6.812733526923691674e-17 -5.064843396088852341e-16 6.645434573901514301e-16 -1.989806636560671073e-15 -1.068410176861051566e-15
-1.128429831794574731e-14 3.534993406767040595e-15 -2.191381137347142339e-15 -2.680227138931466497e-15 -1.880345300349489376e-15 2.467588834399918777e-15 1.118922744560556696e-15 1.897508839690307955e-15 -7.078949382474654782e-17 1.607081141446739214e-15 1.516009631800080818e-15 -2.216261581669089906e-16 -5.486870146938948445e-16 -4.438351475628824851e-16 -4.766560311404190984e-16 9.782170906471828269e-15 -5.577779640871973469e-16 -9.497145851731638108e-16 1.953861601024342117e-16 -3.613517970797775098e-16 3.317064694088416051e-16 1.183564725101376303e-15 2.653820922324079809e-16 -3.155260186216599343e-17
2.727673431930791280e-15 -1.354629128002524162e-15 1.641286539607206753e-15 1.562734747386362602e-15 -2.297438517260621722e-15 -4.649177243768248175e-15 -1.642201928604992367e-15 -2.425602601990608587e-16 -5.471576288513500225e-16 8.659052541252403459e-17 1.482778469983355317e-15 7.715851175714545005e-16 8.290076554023431843e-16 4.385473078954175280e-17 -4.185875890377869147e-16 -5.577779640871973469e-16 1.067734131856764852e-14 -1.250429639707477314e-15 -1.327497079139698775e-15 -3.917521878128938941e-16 -8.240845318434268721e-16 1.133380076153115431e-16 7.773576404009764067e-18 -1.359934492417650979e-15
4.605160988912525947e-15 -1.363844198405493639e-14 1.709313941418780776e-14 3.601355281871009420e-16 2.371648256253591201e-15 1.241932175799732050e-16 4.388220999086972347e-15 -1.324329675782786503e-15 -3.888760214520397485e-16 -1.445323358548751103e-15 5.373912398850338918e-16 1.143434257613690187e-15 -1.232994415349211110e-15 1.709309642884189881e-15 -9.379477131297238015e-16 -9.497145851731638108e-16 -1.250429639707477314e-15 9.626258021949468484e-15 -1.705898388318300076e-15 -6.643912172866669768e-16 -9.425088835611185066e-16 8.666633216561673807e-16 -6.860902043076797292e-16 3.002553097069104928e-16
8.476067968271607792e-16 3.055215263950782691e-15 5.323799553193480455e-15 -1.245232793930050118e-16 -4.339663819967301813e-15 5.193816474842531234e-16 -2.024123009829752470e-15 2.238513864331437875e-15 2.710990897625008752e-16 2.038477618750962981e-15 9.434758600167986503e-16 1.084478711589133136e-15 9.298536189884093969e-16 -1.720550532422424824e-15 2.395615514098781522e-16 1.953861601024342117e-16 -1.327497079139698775e-15 -1.705898388318300076e-15 1.159103403395288042e-14 -9.581004140956477407e-16 -9.237945013280601010e-16 4.343148781765529023e-18 -5.009417667969283968e-16 -1.034516629575257085e-15
-1.898465799645385477e-14 9.957877769664132622e-15 1.738887332093493100e-15 -2.507098811908810944e-15 4.262633660460793906e-15 8.134602425424773638e-16 -2.105910065521571485e-15 2.478553706842582574e-17 1.909506829601885882e-15 5.726804946746478079e-16 4.023001056688018273e-16 -3.064764025389909385e-16 1.762006086130442730e-15 1.946107526014304765e-15 6.812733526923691674e-17 -3.613517970797775098e-16 -3.917521878128938941e-16 -6.643912172866669768e-16 -9.581004140956477407e-16 1.034336824826668583e-14 -2.390205783213236963e-16 1.644114190391759608e-15 3.271970502734394640e-16 4.547508971483950111e-16
-8.990457523076170406e-15 -7.581631085612495174e-15 -2.726325918100844403e-15 1.967327176597590926e-15 4.464051676709336080e-16 1.867668180975252336e-15 -2.086970151898854110e-15 -1.036995156961000504e-15 1.428378241681208204e-15 1.661859778056078889e-15 4.238726460028711182e-16 -1.197065329321892993e-15 5.945770091199911830e-16 -4.787178689999692204e-16 -5.064843396088852341e-16 3.317064694088416051e-16 -8.240845318434268721e-16 -9.425088835611185066e-16 -9.237945013280601010e-16 -2.390205783213236963e-16 9.004556546145263883e-15 -1.198708379256528774e-15 1.820216855893516614e-16 9.411232860254243131e-16
-1.321139299594542825e-14 7.277120527684957620e-15 8.255542329874697740e-15 7.853746527231634553e-16 2.632391921080618561e-15 -5.555384654642904666e-15 -4.930466875155781290e-16 1.739132627040459573e-15 -1.115529275099315356e-15 1.548654707401237938e-15 5.076747797123297925e-16 1.866283147310635371e-15 -7.978514028667893399e-16 -9.611840194723169748e-16 6.645434573901514301e-16 1.183564725101376303e-15 1.133380076153115431e-16 8.666633216561673807e-16 4.343148781765529023e-18 1.644114190391759608e-15 -1.198708379256528774e-15 8.908616795062980068e-15 -7.505645718224613486e-16 4.313637869786284474e-16
-1.105359173466691482e-14 1.027880813668085967e-15 -2.807060731305963338e-15 3.183879815217005786e-15 -1.150360429530213355e-15 6.021015089128542068e-16 -1.641870114655957419e-15 -1.484742889367954205e-15 2.334916859962885532e-15 -5.150098884732833530e-16 -4.348667307011262617e-16 1.239045336382175360e-15 1.790213515520505525e-15 -3.252869353047737148e-16 -1.989806636560671073e-15 2.653820922324079809e-16 7.773576404009764067e-18 -6.860902043076797292e-16 -5.009417667969283968e-16 3.271970502734394640e-16 1.820216855893516614e-16 -7.505645718224613486e-16 7.808494216410583514e-15 -3.178300060079890393e-16
5.439669138494447972e-16 4.946038571693026120e-15 5.739537708593518391e-15 -2.932102737052836915e-15 -2.567802300226953423e-16 9.373441865006725807e-16 1.174258004973742606e-15 1.000610290466303545e-16 -3.215588038144072993e-16 -2.585469497168302799e-16 2.920887048518466620e-16 -2.564544559195132736e-15 -3.891230106023475638e-16 -1.248705693739542187e-15 -1.068410176861051566e-15 -3.155260186216599343e-17 -1.359934492417650979e-15 3.002553097069104928e-16 -1.034516629575257085e-15 4.547508971483950111e-16 9.411232860254243131e-16 4.313637869786284474e-16 -3.178300060079890393e-16 7.018846464609323636e-15
