# Cov^{kg}_ll from MC simulations
1.125743787908440999e-12 1.074702815408750471e-13 2.586262776314148705e-14 1.699668056521851508e-14 -9.651204122013235713e-15 1.960110352660342517e-14 -9.793802605405985129e-15 1.427677581877301206e-14 3.302987456686352809e-15 1.290953213402771648e-14 -1.186320651585411270e-14 -5.589500136251375363e-15 -2.244979736288191729e-14 -1.832647874281970341e-14 -8.604195983991477620e-16 -1.088614039299338690e-14 2.380393614506237910e-15 3.825138449065079874e-15 4.739464548158919810e-16 -1.823935361084526228e-14 -8.966810830129583129e-15 -1.250075990422015581e-14 -1.114168947512462573e-14 5.747396320901916054e-16
1.074702815408750471e-13 5.599681934797672563e-13 -9.641923662350786513e-14 2.838539704969591607e-14 -1.649538487945827358e-14 -1.544958932780637936e-14 -1.254085254817489987e-14 1.455164044856334057e-14 2.247942653047875648e-15 -4.424413744266688865e-15 -1.666698937825926205e-15 -2.219203505703061247e-15 6.235977357908887015e-16 -4.324411398116834540e-15 -1.237339656468796458e-14 3.507212792604270785e-15 -1.489837478459261001e-15 -1.377144580916699062e-14 2.943607590778716313e-15 9.510062758126026263e-15 -7.927496154827529208e-15 6.806655730841520555e-15 9.891647165868511234e-16 5.005186470958052075e-15
2.586262776314148705e-14 -9.641923662350786513e-14 3.556631579128809992e-13 -1.518384769886754247e-14 1.528795962347527160e-14 -1.062820597258973641e-14 -7.478037291662988228e-15 2.693744593774688612e-15 3.083897800926750124e-15 6.463939179693645891e-15 1.610936349440399201e-15 -1.295912519802024360e-14 -5.876904443545724363e-15 -1.432722998788912724e-14 -5.052738585490864357e-15 -2.190384307666368714e-15 2.265148542398057875e-15 1.693105811712390050e-14 5.094485575829609205e-15 1.752351661210585416e-15 -2.332309373073882052e-15 8.118635584557989922e-15 -2.753568352256498157e-15 5.504961138797160680e-15
1.699668056521851508e-14 2.838539704969591607e-14 -1.518384769886754247e-14 1.630772476330897499e-13 1.559994981632757859e-14 2.553775604085158657e-15 2.854678890529788212e-15 -7.228120477677194638e-15 1.209323282233788925e-14 -3.146599478506229149e-15 1.002094917896297984e-14 1.564420732677295851e-15 -1.062792687843758928e-15 -3.829359676730799112e-15 -3.028309336528060471e-15 -2.383584256571011359e-15 1.439509128334560362e-15 5.289659695167645472e-16 -3.657263899464448129e-16 -2.474093150393501728e-15 1.922038417553704327e-15 6.955254286070232189e-16 3.204525480785193939e-15 -2.797412945607955866e-15
-9.651204122013235713e-15 -1.649538487945827358e-14 1.528795962347527160e-14 1.559994981632757859e-14 9.625053089225108476e-14 -2.502418432355166352e-15 3.138082031893120759e-16 -4.477996366878572510e-15 -7.989109728692362287e-16 -2.469289804888393510e-15 1.720896284973635969e-15 -2.983432994384082154e-15 5.306222178830837999e-15 -3.016548914769262403e-15 1.228077354286793924e-15 -1.674876566823829787e-15 -2.397697590149022068e-15 2.276453215738752023e-15 -4.172713395007645734e-15 4.697592803270040030e-15 4.293128169561716219e-16 2.700136854627148350e-15 -1.249787221096315152e-15 1.175285404576249414e-16
1.960110352660342517e-14 -1.544958932780637936e-14 -1.062820597258973641e-14 2.553775604085158657e-15 -2.502418432355166352e-15 5.867056260911242626e-14 2.258802439557913964e-15 5.656411222851140253e-15 1.777662053929104955e-15 2.265357743365649618e-15 1.867364612183951550e-15 -4.181878319623298734e-15 2.349992038078626495e-15 7.866003742127722674e-16 1.098269259186099596e-15 2.454812539110225723e-15 -4.365017742153887367e-15 2.392611289749664760e-16 4.852384674539103598e-16 5.734922170264929189e-16 1.827793919701985853e-15 -5.582425966926693572e-15 6.090396037234763315e-16 6.000815840273257191e-16
-9.793802605405985129e-15 -1.254085254817489987e-14 -7.478037291662988228e-15 2.854678890529788212e-15 3.138082031893120759e-16 2.258802439557913964e-15 3.873982936839659756e-14 4.269352286373860654e-15 1.022140148267598395e-15 -9.056003752095196960e-15 4.256546882682429096e-15 -4.363170777933262837e-16 2.419440325908958634e-16 5.427521816929938695e-15 9.775333333680557579e-16 1.166718992827929614e-15 -1.910262912912193501e-15 4.270399489209316258e-15 -1.951986871519552947e-15 -2.156878032266159553e-15 -1.980870729389361358e-15 -4.130715020755811979e-16 -1.532531762918037859e-15 1.036520887631312570e-15
1.427677581877301206e-14 1.455164044856334057e-14 2.693744593774688612e-15 -7.228120477677194638e-15 -4.477996366878572510e-15 5.656411222851140253e-15 4.269352286373860654e-15 2.887698314439076463e-14 -1.032514354875578756e-16 -1.481576115272727769e-15 -1.403221225558847532e-15 -1.005906738122244021e-15 2.131558511387710848e-16 8.049116695598461764e-16 3.118469519929970110e-15 2.004169725427324409e-15 -3.015888737511725840e-16 -1.324331038678199631e-15 2.065117948319400761e-15 -1.264681886243711081e-16 -8.982288360689647213e-16 1.773673977577457424e-15 -1.490922830096682063e-15 1.573355780628270530e-16
3.302987456686352809e-15 2.247942653047875648e-15 3.083897800926750124e-15 1.209323282233788925e-14 -7.989109728692362287e-16 1.777662053929104955e-15 1.022140148267598395e-15 -1.032514354875578756e-16 2.619553347579989397e-14 -3.493245999363460291e-15 -1.284989068771788507e-15 -2.623726068506560538e-15 -4.785847646589471386e-16 -1.172254800040045923e-15 -1.251421927662399026e-15 -1.071251934273023661e-17 -6.391237959351342819e-16 -1.852572361450286770e-16 2.664247272288005023e-16 1.813617225073780761e-15 1.252088705005079313e-15 -1.154573385327611100e-15 2.268496977765027124e-15 -3.074561700805374425e-16
1.290953213402771648e-14 -4.424413744266688865e-15 6.463939179693645891e-15 -3.146599478506229149e-15 -2.469289804888393510e-15 2.265357743365649618e-15 -9.056003752095196960e-15 -1.481576115272727769e-15 -3.493245999363460291e-15 2.257186295603386393e-14 -1.168901265511152571e-15 8.607103778597400661e-16 -1.726881020749532622e-15 -3.303888726695013952e-15 5.220911422071035986e-16 1.628745578534317438e-15 1.553218026606360650e-16 -1.488075098234433456e-15 1.969219416406569942e-15 4.996766479782349708e-16 1.664863192783207392e-15 1.554748155407136840e-15 -5.573775199028778610e-16 -2.632114173696293784e-16
-1.186320651585411270e-14 -1.666698937825926205e-15 1.610936349440399201e-15 1.002094917896297984e-14 1.720896284973635969e-15 1.867364612183951550e-15 4.256546882682429096e-15 -1.403221225558847532e-15 -1.284989068771788507e-15 -1.168901265511152571e-15 1.730955817005020934e-14 2.051523083821399694e-15 3.804217730371794095e-17 1.926181123672053510e-15 1.374500132225964045e-15 1.556400958687665624e-15 1.498792229391712548e-15 6.515815046735827232e-16 9.476821326764627209e-16 2.765736533525742015e-16 4.636431965688586553e-16 5.098133913404747293e-16 -3.531519461566170857e-16 2.641589181353424443e-16
-5.589500136251375363e-15 -2.219203505703061247e-15 -1.295912519802024360e-14 1.564420732677295851e-15 -2.983432994384082154e-15 -4.181878319623298734e-15 -4.363170777933262837e-16 -1.005906738122244021e-15 -2.623726068506560538e-15 8.607103778597400661e-16 2.051523083821399694e-15 1.965530863498119488e-14 -9.141904927369645526e-17 3.642658342398221771e-15 1.297459053899170794e-15 -1.266405430343064107e-16 9.118528994188077997e-16 9.834841969881590324e-16 1.091247534910824779e-15 -3.772657262845721203e-16 -1.117974640369865771e-15 1.902615468821262507e-15 1.327901601575498455e-15 -2.464077547474715080e-15
-2.244979736288191729e-14 6.235977357908887015e-16 -5.876904443545724363e-15 -1.062792687843758928e-15 5.306222178830837999e-15 2.349992038078626495e-15 2.419440325908958634e-16 2.131558511387710848e-16 -4.785847646589471386e-16 -1.726881020749532622e-15 3.804217730371794095e-17 -9.141904927369645526e-17 1.859086413096336341e-14 -8.078119564652534909e-17 8.251687714956557037e-16 -4.504282282535347556e-16 7.024385783294768793e-16 -1.145784426241496518e-15 9.461251822356623078e-16 1.712285340564937919e-15 6.037387702953729417e-16 -7.871899274983380586e-16 1.781965409078935947e-15 -3.597750730322019533e-16
-1.832647874281970341e-14 -4.324411398116834540e-15 -1.432722998788912724e-14 -3.829359676730799112e-15 -3.016548914769262403e-15 7.866003742127722674e-16 5.427521816929938695e-15 8.049116695598461764e-16 -1.172254800040045923e-15 -3.303888726695013952e-15 1.926181123672053510e-15 3.642658342398221771e-15 -8.078119564652534909e-17 1.340139638360548192e-14 1.900340101007931930e-15 -2.793787821883685735e-16 5.765699142058601458e-17 1.561971258365244520e-15 -1.816794028676069089e-15 1.866785249797967768e-15 -4.494898787676832591e-16 -9.377952396019220941e-16 -2.724069533236076440e-16 -1.238065095599272894e-15
-8.604195983991477620e-16 -1.237339656468796458e-14 -5.052738585490864357e-15 -3.028309336528060471e-15 1.228077354286793924e-15 1.098269259186099596e-15 9.775333333680557579e-16 3.118469519929970110e-15 -1.251421927662399026e-15 5.220911422071035986e-16 1.374500132225964045e-15 1.297459053899170794e-15 8.251687714956557037e-16 1.900340101007931930e-15 1.136566733313884800e-14 -3.598865936939577815e-16 -4.014932618095099475e-16 -9.741110078590297103e-16 2.039512783386673223e-16 4.457501287327529214e-17 -5.983656658919842441e-16 7.071180027158834275e-16 -1.848610338765677836e-15 -1.039945421624940760e-15
-1.088614039299338690e-14 3.507212792604270785e-15 -2.190384307666368714e-15 -2.383584256571011359e-15 -1.674876566823829787e-15 2.454812539110225723e-15 1.166718992827929614e-15 2.004169725427324409e-15 -1.071251934273023661e-17 1.628745578534317438e-15 1.556400958687665624e-15 -1.266405430343064107e-16 -4.504282282535347556e-16 -2.793787821883685735e-16 -3.598865936939577815e-16 9.857237238272445613e-15 -5.017709761595620161e-16 -9.363978069343127664e-16 2.217562498123126239e-16 -3.271421983946416066e-16 3.097913531636516244e-16 1.185688446733801716e-15 3.234380897454315632e-16 -1.661452748651639110e-16
2.380393614506237910e-15 -1.489837478459261001e-15 2.265148542398057875e-15 1.439509128334560362e-15 -2.397697590149022068e-15 -4.365017742153887367e-15 -1.910262912912193501e-15 -3.015888737511725840e-16 -6.391237959351342819e-16 1.553218026606360650e-16 1.498792229391712548e-15 9.118528994188077997e-16 7.024385783294768793e-16 5.765699142058601458e-17 -4.014932618095099475e-16 -5.017709761595620161e-16 1.042914835522989830e-14 -1.259997068377570778e-15 -1.358152634256414691e-15 -4.166040063031002723e-16 -7.541182197291818227e-16 1.582070551572736444e-16 -5.259404838472445325e-17 -1.398842796995687886e-15
3.825138449065079874e-15 -1.377144580916699062e-14 1.693105811712390050e-14 5.289659695167645472e-16 2.276453215738752023e-15 2.392611289749664760e-16 4.270399489209316258e-15 -1.324331038678199631e-15 -1.852572361450286770e-16 -1.488075098234433456e-15 6.515815046735827232e-16 9.834841969881590324e-16 -1.145784426241496518e-15 1.561971258365244520e-15 -9.741110078590297103e-16 -9.363978069343127664e-16 -1.259997068377570778e-15 9.495910582146684592e-15 -1.776529357269122318e-15 -5.669506143207965394e-16 -9.360590048024144536e-16 8.613939812571428927e-16 -6.674468650334926686e-16 2.383424629630734741e-16
4.739464548158919810e-16 2.943607590778716313e-15 5.094485575829609205e-15 -3.657263899464448129e-16 -4.172713395007645734e-15 4.852384674539103598e-16 -1.951986871519552947e-15 2.065117948319400761e-15 2.664247272288005023e-16 1.969219416406569942e-15 9.476821326764627209e-16 1.091247534910824779e-15 9.461251822356623078e-16 -1.816794028676069089e-15 2.039512783386673223e-16 2.217562498123126239e-16 -1.358152634256414691e-15 -1.776529357269122318e-15 1.149408434943163204e-14 -9.905407682328085699e-16 -7.721172944503179796e-16 -1.404879458959404569e-16 -5.316140775292931958e-16 -9.747682365782262705e-16
-1.823935361084526228e-14 9.510062758126026263e-15 1.752351661210585416e-15 -2.474093150393501728e-15 4.697592803270040030e-15 5.734922170264929189e-16 -2.156878032266159553e-15 -1.264681886243711081e-16 1.813617225073780761e-15 4.996766479782349708e-16 2.765736533525742015e-16 -3.772657262845721203e-16 1.712285340564937919e-15 1.866785249797967768e-15 4.457501287327529214e-17 -3.271421983946416066e-16 -4.166040063031002723e-16 -5.669506143207965394e-16 -9.905407682328085699e-16 1.030705311471753450e-14 -3.141858648861624789e-16 1.649065218541958709e-15 3.600074217182389683e-16 4.628389581588746076e-16
-8.966810830129583129e-15 -7.927496154827529208e-15 -2.332309373073882052e-15 1.922038417553704327e-15 4.293128169561716219e-16 1.827793919701985853e-15 -1.980870729389361358e-15 -8.982288360689647213e-16 1.252088705005079313e-15 1.664863192783207392e-15 4.636431965688586553e-16 -1.117974640369865771e-15 6.037387702953729417e-16 -4.494898787676832591e-16 -5.983656658919842441e-16 3.097913531636516244e-16 -7.541182197291818227e-16 -9.360590048024144536e-16 -7.721172944503179796e-16 -3.141858648861624789e-16 8.861359676502972652e-15 -1.224333457550323494e-15 9.783486189289191154e-17 8.996146677752885794e-16
-1.250075990422015581e-14 6.806655730841520555e-15 8.118635584557989922e-15 6.955254286070232189e-16 2.700136854627148350e-15 -5.582425966926693572e-15 -4.130715020755811979e-16 1.773673977577457424e-15 -1.154573385327611100e-15 1.554748155407136840e-15 5.098133913404747293e-16 1.902615468821262507e-15 -7.871899274983380586e-16 -9.377952396019220941e-16 7.071180027158834275e-16 1.185688446733801716e-15 1.582070551572736444e-16 8.613939812571428927e-16 -1.404879458959404569e-16 1.649065218541958709e-15 -1.224333457550323494e-15 8.724415845195289454e-15 -6.380682901816508477e-16 4.645798915092612739e-16
-1.114168947512462573e-14 9.891647165868511234e-16 -2.753568352256498157e-15 3.204525480785193939e-15 -1.249787221096315152e-15 6.090396037234763315e-16 -1.532531762918037859e-15 -1.490922830096682063e-15 2.268496977765027124e-15 -5.573775199028778610e-16 -3.531519461566170857e-16 1.327901601575498455e-15 1.781965409078935947e-15 -2.724069533236076440e-16 -1.848610338765677836e-15 3.234380897454315632e-16 -5.259404838472445325e-17 -6.674468650334926686e-16 -5.316140775292931958e-16 3.600074217182389683e-16 9.783486189289191154e-17 -6.380682901816508477e-16 7.767978136012921068e-15 -2.582717444054941928e-16
5.747396320901916054e-16 5.005186470958052075e-15 5.504961138797160680e-15 -2.797412945607955866e-15 1.175285404576249414e-16 6.000815840273257191e-16 1.036520887631312570e-15 1.573355780628270530e-16 -3.074561700805374425e-16 -2.632114173696293784e-16 2.641589181353424443e-16 -2.464077547474715080e-15 -3.597750730322019533e-16 -1.238065095599272894e-15 -1.039945421624940760e-15 -1.661452748651639110e-16 -1.398842796995687886e-15 2.383424629630734741e-16 -9.747682365782262705e-16 4.628389581588746076e-16 8.996146677752885794e-16 4.645798915092612739e-16 -2.582717444054941928e-16 6.916258100288208402e-15
