# Cov^{kg}_ll from MC simulations
4.725822022813135913e-13 -8.278089186883857949e-15 -5.435029427519803554e-15 1.717792585612657562e-15 3.705225054177514453e-15 -5.435816001123924816e-15 -1.117048897398391480e-14 -5.118891774452374648e-15 -2.098208344915984077e-15 -1.352941894037025172e-15 -5.764474276315930025e-15 -1.061242503514758529e-15
-8.278089186883857949e-15 1.213467472464301950e-13 4.717103782664193293e-15 -2.550435748250536525e-15 4.587503124191759865e-15 1.308058949417076895e-16 -6.232513734426384621e-15 -3.314324203773320322e-15 5.222824933370336267e-15 1.161065899709779552e-15 2.194755385353926620e-15 9.076977367579072568e-16
-5.435029427519803554e-15 4.717103782664193293e-15 3.767036424065952820e-14 8.146278422082839507e-16 1.931033079718056212e-16 -7.026880161921940948e-16 1.417130991823422828e-15 6.699768212650863464e-16 -1.195120108760117301e-15 3.875461533844984658e-16 -1.448720900421748397e-16 -1.326570601286864209e-17
1.717792585612657562e-15 -2.550435748250536525e-15 8.146278422082839507e-16 1.930615629490940446e-14 -2.375089561239145259e-15 2.346524781551170570e-16 1.677294184277843123e-15 1.822829258827936317e-15 1.666111551075313543e-16 -5.322707055854277199e-16 -4.667216505795713914e-16 -4.104520926567648172e-16
3.705225054177514453e-15 4.587503124191759865e-15 1.931033079718056212e-16 -2.375089561239145259e-15 1.051383935004973984e-14 -1.101976860147693679e-15 -1.709264624092342407e-15 2.414838582406049791e-16 -5.493457243647210668e-16 1.179036452477629850e-15 8.604048166113770416e-16 2.751647668031376784e-16
-5.435816001123924816e-15 1.308058949417076895e-16 -7.026880161921940948e-16 2.346524781551170570e-16 -1.101976860147693679e-15 1.025639787496969626e-14 1.409365387774000289e-15 1.070127811196448469e-15 1.002404432470940996e-15 4.833999552162704909e-16 4.651709299819101904e-16 -2.868884923978212518e-16
-1.117048897398391480e-14 -6.232513734426384621e-15 1.417130991823422828e-15 1.677294184277843123e-15 -1.709264624092342407e-15 1.409365387774000289e-15 8.021488560029737269e-15 4.754660691821385274e-16 2.475118807624935839e-16 6.835311311134021070e-16 -3.592661220702315630e-16 -5.026501850467077731e-17
-5.118891774452374648e-15 -3.314324203773320322e-15 6.699768212650863464e-16 1.822829258827936317e-15 2.414838582406049791e-16 1.070127811196448469e-15 4.754660691821385274e-16 5.156526951172576213e-15 -6.932251936953775977e-16 7.623116602229065121e-18 3.852895232436305124e-16 -6.934862226864609258e-16
-2.098208344915984077e-15 5.222824933370336267e-15 -1.195120108760117301e-15 1.666111551075313543e-16 -5.493457243647210668e-16 1.002404432470940996e-15 2.475118807624935839e-16 -6.932251936953775977e-16 4.332091236824927476e-15 -1.045482619279910708e-15 -1.632667055686976315e-16 -4.527470192904359401e-16
-1.352941894037025172e-15 1.161065899709779552e-15 3.875461533844984658e-16 -5.322707055854277199e-16 1.179036452477629850e-15 4.833999552162704909e-16 6.835311311134021070e-16 7.623116602229065121e-18 -1.045482619279910708e-15 4.928083442746799840e-15 1.017960427464591979e-16 -1.487586753140243675e-16
-5.764474276315930025e-15 2.194755385353926620e-15 -1.448720900421748397e-16 -4.667216505795713914e-16 8.604048166113770416e-16 4.651709299819101904e-16 -3.592661220702315630e-16 3.852895232436305124e-16 -1.632667055686976315e-16 1.017960427464591979e-16 3.793188381773459411e-15 2.224421147892154642e-16
-1.061242503514758529e-15 9.076977367579072568e-16 -1.326570601286864209e-17 -4.104520926567648172e-16 2.751647668031376784e-16 -2.868884923978212518e-16 -5.026501850467077731e-17 -6.934862226864609258e-16 -4.527470192904359401e-16 -1.487586753140243675e-16 2.224421147892154642e-16 3.533540292217501979e-15
