# Cov^{kg}_ll from MC simulations
4.775949600174794443e-13 -7.446891041894042818e-15 -4.796034424035596981e-15 1.586068821328071759e-15 3.564016547202909569e-15 -5.179039492703907462e-15 -1.171475560431620538e-14 -5.199642696047268592e-15 -1.750884919246850696e-15 -1.299461470654584107e-15 -5.747069568074055857e-15 -1.053177161413350222e-15
-7.446891041894042818e-15 1.223796952100678684e-13 4.903734105564433685e-15 -2.198032310575595437e-15 4.938896180235825771e-15 1.480984672790863422e-16 -6.240229236491873404e-15 -3.329307944554812691e-15 5.094533935147634979e-15 1.266514566330713793e-15 2.167876234469188043e-15 9.132060572251525997e-16
-4.796034424035596981e-15 4.903734105564433685e-15 3.845024325288673393e-14 8.193486142594626872e-16 3.844509979410917064e-16 -5.349307484867680222e-16 1.368313192372417880e-15 5.345194289555220900e-16 -1.241726809001571437e-15 3.053032634054745203e-16 -1.382270938633825445e-16 -1.082591190666655701e-18
1.586068821328071759e-15 -2.198032310575595437e-15 8.193486142594626872e-16 1.951479698858005003e-14 -2.372537261938865679e-15 3.931408901923217268e-16 1.762554517965815058e-15 1.784836275431728494e-15 2.728618211006994237e-16 -4.539404881677617311e-16 -5.551570463958848081e-16 -4.124823446804830537e-16
3.564016547202909569e-15 4.938896180235825771e-15 3.844509979410917064e-16 -2.372537261938865679e-15 1.063958939408873934e-14 -1.099956364936397590e-15 -1.783052644183084804e-15 2.330838646384577770e-16 -5.874088567798074865e-16 1.241635957077485838e-15 9.137421747560995280e-16 2.996554561370110104e-16
-5.179039492703907462e-15 1.480984672790863422e-16 -5.349307484867680222e-16 3.931408901923217268e-16 -1.099956364936397590e-15 1.045186748884885515e-14 1.376796601552426028e-15 1.024578144230905893e-15 9.730120537354201081e-16 5.299139561723698194e-16 4.254894812666242893e-16 -3.470280239496218945e-16
-1.171475560431620538e-14 -6.240229236491873404e-15 1.368313192372417880e-15 1.762554517965815058e-15 -1.783052644183084804e-15 1.376796601552426028e-15 8.206906218296215618e-15 3.927697161952695918e-16 2.906117102927980417e-16 7.358558364376226287e-16 -3.773622983394056028e-16 -7.339427709564983290e-17
-5.199642696047268592e-15 -3.329307944554812691e-15 5.345194289555220900e-16 1.784836275431728494e-15 2.330838646384577770e-16 1.024578144230905893e-15 3.927697161952695918e-16 5.070079790007312523e-15 -7.048593955111708124e-16 9.848034698608677847e-18 4.002505384933892148e-16 -7.177786580217357855e-16
-1.750884919246850696e-15 5.094533935147634979e-15 -1.241726809001571437e-15 2.728618211006994237e-16 -5.874088567798074865e-16 9.730120537354201081e-16 2.906117102927980417e-16 -7.048593955111708124e-16 4.432512045000327716e-15 -1.039312670769180042e-15 -1.941462205316604733e-16 -4.155344808319739794e-16
-1.299461470654584107e-15 1.266514566330713793e-15 3.053032634054745203e-16 -4.539404881677617311e-16 1.241635957077485838e-15 5.299139561723698194e-16 7.358558364376226287e-16 9.848034698608677847e-18 -1.039312670769180042e-15 4.974685735518203874e-15 1.179189670105965021e-16 -1.639563253667545761e-16
-5.747069568074055857e-15 2.167876234469188043e-15 -1.382270938633825445e-16 -5.551570463958848081e-16 9.137421747560995280e-16 4.254894812666242893e-16 -3.773622983394056028e-16 4.002505384933892148e-16 -1.941462205316604733e-16 1.179189670105965021e-16 3.888301307074145920e-15 2.173925494309951002e-16
-1.053177161413350222e-15 9.132060572251525997e-16 -1.082591190666655701e-18 -4.124823446804830537e-16 2.996554561370110104e-16 -3.470280239496218945e-16 -7.339427709564983290e-17 -7.177786580217357855e-16 -4.155344808319739794e-16 -1.639563253667545761e-16 2.173925494309951002e-16 3.536642872784681058e-15
